75032
70282
21625
26791
59600
14508
16443
95169
37815
34796
32785
50495
20842
17158
63821
30124
56249
49493
83498
36499
72317
92071
40124
68437
31857
15815
13993
12602
71154
55767
60664
85253
34434
82135
51573
72553
69594
88158
52132
67761
40161
27824
63399
92395
76901
82678
34366
84597
26713
11662
58382
67973
34724
96095
68588
91337
14595
96131
26112
71928
87495
83309
66255
29213
37673
45703
43608
22811
51226
19908
30746
23911
90660
64143
85791
88681
18965
33830
42955
71148
45328
51970
97840
96314
64139
75181
31105
84567
54645
93016
86148
42639
82018
85912
94185
48973
88578
12829
76116
67019
